1000
1807 
1745 
1958 
1182 
703 
-1349 
-2247 
2356 
-1842 
937 
1940 
28 
-1107 
170 
2210 
2325 
-1942 
-1512 
-1237 
1662 
1604 
-146 
1996 
-28 
-1968 
1670 
2134 
-333 
-2346 
1724 
-785 
-857 
1060 
-1849 
1783 
718 
1924 
1039 
-1625 
-290 
1108 
-1922 
39 
1028 
-492 
462 
655 
-218 
2120 
-317 
-1866 
1344 
-1780 
-635 
1831 
1627 
578 
-794 
-377 
-1128 
-1431 
1107 
256 
1223 
-949 
-677 
1984 
1130 
2498 
-749 
-1822 
-2227 
-1363 
2479 
1927 
428 
1275 
-1253 
-2354 
207 
1449 
749 
-2222 
2506 
248 
-2084 
1554 
-1369 
953 
614 
2485 
1722 
-907 
803 
1893 
255 
1598 
-658 
2061 
92 
-1874 
2421 
-1264 
513 
1714 
-2366 
2344 
989 
-1132 
-1672 
-1739 
-1800 
-20 
1210 
-1831 
-1057 
-1336 
2093 
-170 
-2311 
1004 
1353 
1211 
627 
2126 
1540 
-2123 
-863 
34 
-107 
2180 
1606 
1118 
2441 
-1608 
2255 
-360 
824 
1542 
1545 
275 
1375 
-1251 
-1707 
-2085 
2393 
-2233 
506 
2220 
710 
-2060 
1373 
-2208 
-2269 
1501 
308 
411 
-64 
1483 
-2018 
542 
1934 
-190 
3 
-1207 
829 
1219 
-1617 
1350 
-690 
-2163 
795 
974 
1287 
1767 
-2074 
-991 
-2027 
2379 
2168 
-1898 
217 
-1272 
-1413 
1389 
1591 
-1728 
-2178 
-1882 
1326 
-1266 
20 
1475 
581 
882 
-2415 
-1119 
-267 
-182 
860 
-1073 
-1528 
-2463 
199 
936 
-33 
-666 
653 
1138 
-2314 
-420 
1196 
1069 
-553 
495 
-59 
1313 
1011 
2176 
128 
-1782 
-1244 
-2053 
1818 
-463 
-1695 
570 
-446 
-1530 
633 
234 
2225 
1532 
-252 
-2496 
135 
731 
1973 
-1042 
589 
-734 
346 
526 
-1664 
249 
-2256 
1257 
1141 
-849 
1855 
-38 
-1471 
1084 
2271 
1631 
2050 
-702 
2200 
2012 
-307 
-1100 
-1137 
-2340 
-1701 
-1447 
-2114 
2280 
15 
1915 
-2238 
-1399 
695 
2287 
-238 
-712 
1697 
-2284 
-2193 
2075 
2022 
-465 
-2439 
171 
103 
1912 
1721 
-2332 
352 
-2481 
-689 
-577 
-371 
-1195 
812 
836 
-2401 
-2228 
677 
2307 
389 
2452 
-1390 
-2009 
-865 
1169 
764 
-800 
1971 
1493 
1879 
1647 
-965 
1549 
-1171 
-2069 
1049 
303 
-2399 
1043 
-824 
-1467 
-137 
-2007 
-288 
392 
-1909 
2198 
436 
132 
-932 
2348 
-1259 
-55 
-1298 
564 
75 
1679 
1198 
2336 
1997 
1033 
-2472 
1998 
-2384 
-1711 
-110 
947 
96 
1509 
2409 
815 
2433 
-2019 
1485 
147 
-49 
574 
261 
332 
-1755 
409 
-1476 
193 
2096 
-226 
691 
-345 
-543 
851 
1525 
-1555 
-952 
2110 
47 
1121 
1944 
-1302 
-2037 
729 
-1144 
720 
2494 
1775 
-715 
1019 
522 
2013 
309 
1830 
421 
-13 
890 
965 
-1855 
161 
55 
-260 
759 
-1307 
-724 
214 
-2056 
594 
1003 
1688 
-1374 
2314 
-51 
1964 
-1688 
-1835 
-616 
1720 
-1962 
1177 
913 
-1439 
1167 
-1383 
-753 
470 
-2397 
1438 
560 
-2476 
-1810 
444 
-2237 
-1310 
-1807 
-2494 
2454 
426 
876 
956 
2090 
-1918 
-1514 
967 
-1213 
1939 
-1078 
-2271 
-2383 
-1888 
-897 
2101 
-301 
-1485 
-1632 
-2127 
562 
-1645 
-2441 
-2291 
2354 
2319 
-1183 
1093 
-1103 
-118 
-2358 
2278 
-971 
1495 
-1960 
216 
289 
-1919 
1420 
819 
-481 
-1857 
1656 
-2221 
-1660 
-175 
-879 
-243 
-2119 
154 
-1506 
-599 
1864 
-1095 
-1230 
-2155 
-593 
-608 
-2075 
-1736 
-779 
1296 
1774 
-474 
1623 
1411 
449 
1244 
-353 
-1102 
-1950 
2463 
-233 
-2326 
669 
2008 
825 
-1497 
-99 
1435 
-886 
1904 
241 
-91 
-644 
621 
1078 
-422 
932 
1291 
1158 
-1340 
118 
13 
777 
372 
-1037 
-159 
-2064 
-363 
1265 
600 
1896 
-1652 
-1020 
-1646 
2081 
-292 
-940 
2141 
-2412 
-1759 
-1290 
-788 
-805 
-2158 
-1813 
2384 
768 
-774 
-1940 
-440 
-212 
1252 
1145 
551 
-1173 
-542 
2482 
1575 
781 
-129 
-710 
-1462 
-552 
1957 
-1991 
-878 
-1951 
-1388 
341 
1613 
133 
437 
-982 
177 
-1085 
1584 
-871 
2414 
2333 
-1974 
615 
-1933 
1811 
-2133 
1342 
2318 
-1155 
11 
1639 
1163 
2135 
-1212 
2358 
472 
-2344 
-77 
2043 
1985 
481 
-1407 
-831 
-122 
1206 
-2425 
-1316 
1143 
1357 
1671 
1843 
270 
1519 
1381 
1271 
981 
1887 
-2000 
2364 
-1894 
-1914 
364 
-830 
1175 
2248 
83 
-1912 
-1190 
1321 
-2042 
284 
-400 
-700 
2097 
1231 
1558 
1288 
-1673 
-1873 
-833 
-2388 
-134 
790 
1383 
-412 
2003 
-629 
-765 
1705 
-2390 
1398 
-1007 
1737 
62 
-1590 
-1094 
144 
2405 
-565 
-1328 
1208 
1109 
-2431 
-647 
-1300 
906 
-2375 
-1599 
1972 
-2014 
-460 
524 
608 
2136 
-9 
-451 
-698 
8 
-162 
-1887 
-2327 
-728 
1470 
-397 
-2072 
-2093 
-533 
1677 
-810 
-956 
465 
401 
900 
1050 
-39 
-1162 
2234 
-2447 
-488 
-1641 
-2265 
102 
1425 
-1048 
663 
865 
394 
1948 
2303 
847 
-2169 
-1983 
145 
321 
-1516 
1872 
-414 
-2428 
-207 
-2407 
2193 
-1721 
2391 
892 
-2146 
455 
1058 
360 
-498 
1837 
2054 
1753 
1190 
-2486 
-998 
-1029 
-2316 
2264 
-1639 
-674 
-1520 
-1014 
-1621 
184 
-4 
1567 
-895 
298 
533 
-1560 
-69 
-2028 
-2404 
-585 
-1332 
-1111 
1699 
-86 
2345 
-1902 
1511 
1150 
2031 
-2229 
-2212 
-1233 
2068 
-789 
640 
692 
1953 
1849 
2295 
1273 
-2162 
324 
2276 
-2319 
-505 
2184 
1826 
563 
-386 
-2097 
2395 
997 
-1570 
-1454 
2394 
-1201 
1621 
784 
-2187 
-1222 
685 
2165 
-1331 
-2029 
-200 
-914 
-1382 
-682 
1366 
662 
-2303 
2209 
2428 
-1577 
-1313 
2080 
-425 
-2417 
-1947 
-1261 
1760 
314 
1407 
-1979 
-513 
-409 
-2347 
1795 
-1549 
2371 
898 
874 
2039 
1790 
-1568 
-522 
413 
1055 
1116 
-1828 
-2475 
838 
1132 
579 
-1120 
64 
-1281 
1803 
740 
-1341 
-282 
-1540 
-2038 
-1586 
278 
1283 
1431 
943 
-1492 
380 
-1354 
-369 
-427 
-899 
222 
-1777 
71 
1733 
-203 
-2380 
208 
-1789 
-1805 
1845 
-2308 
-42 
2444 
1073 
2367 
700 
-562 
2370 
-1532 
1966 
-1410 
-2277 
775 
2156 
125 
-326 
2001 
674 
-654 
-502 
1025 
916 
-198 
-1175 
-758 
1047 
-978 
-154 
-1318 
307 
-737 
646 
756 
-1616 
696 
-1681 
637 
-436 
1304 
1443 
2471 
329 
2396 
2122 
-72 
-50 
1615 
504 
-1077 
-1127 
-2328 
218 
-1064 
1607 
-818 
1989 
93 
2115 
430 
-2140 
-276 
940 
1693 
-1214 
-2456 
-1697 
-1768 
483 
-2300 
-1420 
491 
-2106 
2242 
-2298 
-1449 
1333 
-1715 
109 
-1025 
-623 
2212 
1445 
-573 
1976 
-840 
-923 
-1152 
2150 
-1423 
-524 
557 
-312 
923 
-1115 
1812 
-1729 
-467 
-2202 
-1930 
1706 
-494 
-2068 
-741 
-2063 
-2045 
1337 
-1389 
1236 
-286 
1412 
-103 
1461 
285 
1899 
1969 
-1746 
173 
225 
-124 
1002 
-392 
-1795 
-2219 
-336 
333 
870 
1100 
-1324 
86 
788 
1456 
