5000
6132 
7776 
-73 
-149 
-8965 
-10965 
6238 
-715 
3241 
-6611 
7634 
12098 
1405 
5928 
745 
7173 
-6234 
-6211 
6682 
-2829 
10343 
-3376 
-10483 
-4428 
-10932 
-7927 
3660 
8958 
10667 
-1981 
-8470 
-8799 
-5338 
174 
12184 
6852 
4477 
-6562 
6459 
-11266 
2550 
-887 
5947 
735 
-1882 
7844 
-4141 
8670 
2988 
9817 
-390 
3449 
3531 
766 
-1463 
-1051 
1174 
8451 
-3386 
2426 
-1842 
10750 
5897 
10966 
8607 
7855 
3263 
-7080 
8584 
8054 
-9401 
-9410 
547 
-8612 
-4877 
3719 
8937 
-10780 
10738 
-9500 
-11021 
-11809 
-3519 
-1143 
8513 
-8851 
-3868 
1290 
856 
-1063 
2666 
-4382 
6024 
-2082 
2023 
8421 
8465 
-11453 
-6971 
-11484 
3409 
3549 
-11593 
1826 
4699 
-1342 
-3294 
-9294 
6632 
10477 
8596 
-5059 
-11088 
-3075 
-6286 
-11090 
1156 
-3237 
12233 
-12082 
-9227 
-5860 
-8360 
10774 
-924 
7544 
3058 
-8410 
-10741 
6505 
10347 
-9151 
3831 
-8555 
-7608 
-502 
-1830 
-59 
-2651 
-5807 
2179 
-6851 
-10196 
1326 
6009 
-10867 
-5966 
11736 
7030 
2291 
-10312 
-9434 
-9946 
2701 
-6450 
-11203 
2379 
2511 
4777 
5807 
-2594 
10996 
-6535 
-508 
11825 
-5114 
869 
4917 
-9217 
-4316 
4484 
-6299 
-6577 
-10217 
5075 
-1436 
8913 
10524 
-10556 
-5067 
6102 
-5528 
2380 
-10715 
1685 
-348 
-9830 
11496 
-4756 
9387 
-1328 
4198 
9745 
-3315 
6038 
5782 
2910 
-6895 
4218 
-6862 
-8258 
1013 
7570 
4536 
-7714 
-5181 
8371 
-11033 
-2145 
-3141 
8128 
12081 
12156 
-11147 
-5781 
1 
2052 
-1245 
1230 
-7416 
8709 
-7600 
11214 
-10509 
-2354 
-3782 
-4260 
2248 
8317 
-9044 
-728 
-1078 
5675 
4168 
-11948 
4562 
4529 
6772 
-11378 
4408 
8943 
6241 
6579 
-9587 
-9253 
-5541 
4852 
-4604 
-11367 
3545 
2685 
-4202 
11677 
10038 
-8335 
1707 
310 
6857 
-9932 
8815 
11508 
-10765 
5297 
-3603 
-2886 
-4130 
-7663 
7219 
11125 
9316 
-9320 
-12370 
2636 
-6474 
-1642 
-5549 
529 
3209 
-10540 
-5219 
-1931 
-1169 
-4156 
5278 
-2985 
1658 
-11666 
-2825 
-9481 
-9632 
3109 
-3804 
11695 
2671 
-8274 
4877 
-8163 
5492 
-2377 
490 
-2529 
-10589 
2850 
470 
-10175 
9508 
11665 
-5370 
2827 
1386 
-7974 
-7825 
-1622 
9657 
-9248 
2812 
-3689 
-808 
11871 
9155 
-11764 
3785 
-9998 
-10533 
7655 
2607 
3125 
5586 
6277 
1844 
6080 
-4579 
11072 
-2846 
-10158 
2625 
-5309 
5238 
-11438 
1572 
-2811 
8163 
-6725 
-4762 
-10908 
-3093 
9314 
10121 
5427 
8226 
-3788 
11509 
4594 
-3169 
-7181 
7399 
-7696 
-3586 
-4713 
3538 
11009 
3078 
7816 
12143 
-2866 
-3917 
3556 
12174 
-6106 
-6701 
-9343 
-5693 
10593 
937 
107 
6913 
-2763 
6864 
3236 
-8903 
-8682 
3794 
10166 
9404 
-10413 
-8596 
-6912 
7591 
-12451 
-1869 
-179 
-2740 
5633 
12116 
4379 
-4978 
-5399 
-7230 
12201 
-5416 
983 
-522 
-10109 
7538 
2545 
9548 
10406 
-4100 
2131 
-10871 
-5218 
-8721 
10255 
1895 
-7959 
4527 
3211 
113 
10231 
-729 
-1899 
-510 
4342 
6272 
-2480 
8529 
9027 
11103 
-1430 
7079 
-9076 
-4121 
-9900 
2408 
8988 
1043 
681 
9550 
-2464 
6164 
-10974 
-3277 
4964 
-263 
3073 
-8497 
9394 
10134 
2750 
-1203 
-5888 
-2695 
1787 
-2265 
2858 
2788 
9529 
658 
6598 
-11708 
-456 
4743 
-10949 
-111 
10422 
-4275 
-5051 
8252 
-1334 
11686 
9549 
12059 
-4447 
-1478 
2592 
-71 
2482 
5479 
-3542 
8471 
3634 
-11861 
-12259 
-2591 
8287 
11655 
9661 
9077 
3329 
3690 
2683 
5090 
-11890 
-6488 
-2709 
1238 
-3852 
10118 
-11444 
4424 
10160 
-2642 
137 
9515 
5259 
9587 
-6917 
11023 
-2311 
3678 
3653 
218 
-12128 
-11072 
-5513 
-2961 
1100 
-11906 
4628 
7909 
12107 
4614 
-8511 
-6529 
6558 
-8924 
11883 
-3963 
5285 
-4782 
9617 
11262 
-11212 
-6645 
1956 
11717 
-10402 
-10293 
2860 
-3218 
5634 
7386 
4856 
-7547 
28 
-4115 
-1824 
-9004 
-4368 
10398 
6099 
6125 
-5158 
-5655 
10517 
-4267 
-5485 
-2100 
4452 
3574 
3055 
-11976 
3757 
5160 
4042 
10655 
8124 
-7329 
-2615 
-5073 
-5522 
10075 
881 
8483 
-4595 
3771 
9240 
-12204 
9018 
8132 
11756 
5573 
2971 
-2361 
-10819 
-9491 
-6039 
-6495 
4189 
-4795 
10269 
-6972 
2857 
4730 
2070 
-1549 
1247 
-9964 
3753 
-11645 
7215 
8498 
10621 
-4652 
-8059 
-340 
10610 
6285 
7510 
-4106 
10207 
11801 
11679 
12008 
11255 
7034 
3281 
6091 
8303 
4499 
3021 
4924 
-6350 
673 
-4796 
3368 
11354 
-4632 
8020 
-12221 
-7477 
2887 
5126 
11583 
-2013 
2079 
11886 
10747 
-11331 
5310 
7526 
4762 
-84 
8344 
3452 
-8010 
2740 
2605 
-418 
-8196 
7524 
2429 
-9754 
-10551 
-8834 
7292 
4839 
3439 
-4976 
-968 
-6461 
-2577 
-2275 
-6549 
-8380 
9267 
-6875 
818 
2226 
5585 
-763 
-7801 
9992 
-303 
3803 
8233 
3250 
-10259 
-9397 
-2752 
-12288 
8550 
7408 
-8342 
-6259 
7253 
-2523 
-7127 
-1128 
3312 
5405 
-7792 
1544 
7793 
4951 
8795 
-10380 
10045 
-9509 
-2645 
7744 
-5200 
-3885 
-6186 
-3664 
8942 
6484 
-517 
-172 
11607 
-6999 
11208 
-6833 
-6799 
8904 
7731 
-10266 
4884 
-12304 
-8877 
-2908 
-10804 
6706 
-9739 
-2200 
-1865 
10195 
4601 
-9669 
10882 
1873 
-10497 
-11543 
1698 
8866 
-2631 
-8919 
-3018 
6085 
-8708 
-8992 
5410 
9946 
-3877 
10815 
7866 
7117 
-8004 
-7327 
2469 
-5116 
-8427 
2566 
5512 
3941 
-4069 
3727 
6992 
-9465 
-10953 
3714 
5164 
8409 
-11854 
-5192 
-1798 
-2349 
-8093 
-10982 
-6785 
1996 
9224 
-4334 
8044 
5601 
-1613 
-8111 
10577 
-5102 
3744 
-1768 
-7095 
-11961 
10916 
-6820 
-12036 
-6293 
2839 
10393 
-8589 
-5919 
10790 
-7050 
-4934 
-6733 
-10611 
5052 
11339 
-3337 
-3198 
-10064 
-3653 
6807 
-1706 
-674 
-11295 
-6467 
6824 
-2501 
7164 
-8766 
-9910 
-4134 
-11581 
2627 
-7661 
-10572 
-4537 
-2778 
6425 
-11905 
-8373 
-6670 
-6872 
1776 
-11244 
12065 
3889 
-12177 
2616 
-5823 
9681 
238 
-6980 
8791 
2991 
11833 
-12425 
8900 
6661 
2326 
-1593 
9987 
1777 
6517 
-11677 
-765 
3435 
-449 
-2199 
-1140 
4373 
10847 
-9359 
-5052 
-8003 
-10283 
-9779 
-11746 
-11160 
9742 
10641 
6473 
-8691 
-1114 
-9467 
-7936 
5579 
-10530 
3351 
2453 
648 
-484 
10838 
8361 
4561 
2855 
5934 
-4817 
-8084 
-3405 
8480 
3135 
1185 
6486 
3191 
5543 
-5080 
11842 
-5865 
-157 
-10889 
-9386 
177 
3700 
-10755 
-3894 
-1693 
-5323 
-10040 
8201 
9148 
7044 
-3560 
4612 
-4313 
-771 
-521 
-4432 
-4750 
-12306 
-9991 
1278 
5265 
10368 
-5906 
-2252 
-4941 
7757 
2586 
3886 
-9635 
-4417 
2354 
-7299 
447 
9342 
5303 
-3484 
-3079 
-3503 
10262 
1171 
9898 
-3751 
-2937 
-402 
2675 
8931 
-3767 
-4273 
8852 
-9313 
10584 
8431 
-6339 
-9574 
8396 
1150 
-1604 
-513 
8046 
-11856 
-4196 
-8473 
8097 
3141 
164 
-7539 
-9370 
-3186 
5437 
4487 
-6155 
-404 
6578 
9202 
4315 
3565 
-10020 
10727 
176 
-7026 
-5341 
-5244 
-9299 
5991 
4647 
-6855 
408 
8221 
-2799 
11571 
1644 
1688 
9919 
-5859 
9828 
-3223 
-3942 
1088 
7358 
10997 
2634 
1345 
1670 
-4919 
-2212 
5270 
-4616 
-6766 
6075 
-5204 
5643 
8834 
6360 
9643 
3721 
11185 
1912 
629 
-7219 
102 
1730 
-3922 
-3022 
1841 
-4925 
9464 
2202 
-9179 
9 
1136 
4603 
-10633 
-4082 
9045 
-11728 
-5797 
-2108 
-7866 
9910 
5851 
1954 
-11515 
-5026 
-9894 
-5955 
11291 
1925 
-2439 
11659 
-9260 
10762 
5483 
9887 
1112 
2324 
3046 
-2036 
-4191 
-4804 
1341 
5867 
4154 
6312 
-550 
-31 
8115 
12148 
4870 
9635 
-9825 
-3728 
-11572 
-5606 
-6968 
603 
478 
-7251 
-6355 
-11687 
-2626 
2261 
-8759 
-11553 
-1156 
-8405 
-2317 
8542 
-6992 
10794 
1770 
-2041 
-848 
7064 
-8636 
-7368 
-8961 
1157 
-10707 
6501 
12269 
9403 
2316 
-2380 
-5856 
-9537 
4927 
-12281 
-3614 
-6768 
3899 
-1532 
-5747 
4550 
9783 
11299 
8783 
8927 
-6364 
12073 
9530 
3635 
-4966 
-2870 
5391 
-5557 
11488 
2538 
11942 
-8154 
-362 
-401 
11728 
-4731 
7483 
-11497 
-5001 
-6004 
4714 
-488 
-4808 
-11193 
-5164 
-7408 
-2790 
6481 
4805 
-6451 
11784 
-6441 
-2776 
5008 
8085 
-10623 
-11931 
-5360 
-9804 
-2242 
-8233 
5204 
4007 
-4207 
7848 
6416 
-10340 
8925 
-9446 
4275 
-1276 
-8763 
-10288 
11691 
11920 
2253 
7505 
8244 
-8068 
12179 
-12497 
-10757 
4144 
10529 
-8896 
4339 
8275 
-8394 
-9871 
9092 
417 
8612 
-2847 
-816 
-8308 
5971 
-9745 
-11951 
10688 
8734 
-4145 
-10815 
-11622 
-10929 
6324 
6054 
-11302 
-5084 
10357 
8944 
-5294 
-10985 
9333 
-5991 
-6520 
2117 
-5112 
1437 
-1407 
-4456 
11983 
1192 
-8972 
-628 
9777 
9487 
6191 
-7148 
1412 
-7913 
-2972 
11863 
6002 
-1817 
-2122 
4284 
8158 
7421 
-10997 
-10421 
4356 
8600 
-5228 
-5091 
-6314 
9754 
4559 
8773 
-3457 
-8750 
-9785 
1338 
3750 
1592 
9300 
9440 
-6556 
4431 
9936 
2487 
-11112 
-9870 
-1909 
-5007 
2267 
6939 
-5349 
-8113 
2979 
830 
-4029 
-4167 
7192 
-11105 
-11003 
11141 
-12363 
5463 
4034 
-4423 
-10019 
-1115 
11358 
-3359 
10323 
8191 
-3494 
9455 
-8002 
11417 
-5163 
155 
-8862 
1549 
-11760 
-12182 
4896 
-2302 
9113 
-4383 
1876 
-5632 
7101 
-3843 
-4519 
5898 
7331 
-1075 
8688 
-1723 
-42 
-10525 
5829 
5382 
-9702 
12043 
9820 
-441 
8016 
6696 
-6705 
-5670 
-10318 
8647 
-2231 
10602 
-3552 
-9338 
6616 
5443 
9183 
-3574 
5911 
-10211 
6522 
-8021 
-4875 
3488 
8950 
-5154 
3734 
5072 
642 
7665 
-4271 
8980 
9968 
-2440 
4812 
-6663 
8631 
7225 
9426 
52 
3484 
-4370 
3867 
-11347 
4874 
3578 
-8995 
-2715 
1218 
3279 
6800 
-164 
4589 
6233 
1281 
-8696 
-3500 
6387 
-6380 
6605 
-9288 
5161 
969 
10311 
11467 
-20 
-299 
2018 
6008 
-8081 
8036 
-12232 
7200 
4174 
2146 
3029 
10717 
-7170 
6199 
-5847 
-6932 
-6922 
-11801 
-7516 
4724 
-3274 
-9718 
4052 
5871 
713 
-9281 
-2094 
-3280 
136 
5345 
-11188 
-9239 
-2331 
-4091 
6144 
-4031 
-275 
6745 
5031 
6510 
6214 
-11358 
4420 
-4439 
9670 
1482 
-3357 
-8635 
10265 
-6227 
6431 
-9721 
-3403 
4649 
-10282 
-6238 
4004 
11366 
505 
-4047 
-2669 
-8168 
173 
-7357 
10921 
6562 
-6279 
-7615 
307 
3127 
-8701 
-1117 
-7946 
-6713 
10291 
-6360 
5218 
4797 
901 
5194 
-2273 
-2352 
8778 
-12147 
-8434 
9770 
1980 
-15 
-11897 
12258 
9085 
1656 
-2862 
-7736 
-4930 
-4913 
-8243 
5183 
-8039 
10085 
9036 
9411 
1563 
3257 
1655 
10383 
12249 
5953 
2870 
7228 
-9770 
-7073 
7380 
168 
-600 
-4276 
-316 
5307 
3174 
3755 
-6817 
-3564 
11992 
-7710 
-2569 
5206 
2660 
-8607 
5022 
6370 
765 
6479 
9348 
9203 
7884 
10035 
10315 
-9307 
5825 
-9968 
-9892 
3419 
-4011 
4734 
-7672 
-1887 
282 
-11394 
-7493 
1608 
-12470 
9570 
-2368 
2088 
-5717 
-8332 
-7486 
-2112 
2154 
-589 
5884 
-12390 
7348 
-12447 
-1696 
4956 
4460 
-6908 
1762 
-12417 
-6173 
-5947 
-1307 
340 
6205 
6534 
7497 
2311 
8276 
-5446 
1318 
3507 
9496 
2877 
4908 
-3432 
11330 
-11308 
7708 
-5090 
8916 
-3170 
-9679 
317 
7275 
-7308 
6626 
10982 
6004 
6403 
-1936 
-1417 
5963 
-8675 
-661 
4124 
-4503 
-9021 
-8652 
11054 
-6267 
-10154 
-1168 
-7399 
-11849 
-11467 
6156 
11622 
12159 
-2154 
10430 
-8219 
7068 
3382 
928 
2136 
10185 
-10703 
455 
-3807 
11580 
-10433 
-3947 
6933 
-12249 
-8820 
884 
-11780 
961 
12024 
264 
398 
-8321 
-11163 
-3511 
2447 
-4395 
3301 
-2397 
334 
7011 
9265 
9436 
-5876 
4435 
-6179 
-8486 
-8013 
-10662 
-5400 
6956 
-3757 
-5267 
2733 
10561 
-3625 
-11383 
6611 
-6504 
-5971 
-1766 
5840 
-9212 
6315 
9249 
9277 
-10504 
-9926 
-5724 
-9624 
5146 
-3618 
-9684 
10990 
-4350 
1978 
-2912 
-11140 
10663 
-5492 
-134 
804 
9082 
-9628 
985 
-1370 
-12268 
2286 
1680 
-8787 
9796 
519 
-3903 
-7164 
-2782 
10293 
-10749 
4406 
-8870 
-4234 
9210 
9596 
2973 
-8124 
-9361 
7905 
2138 
-566 
-1655 
-10180 
-542 
-6085 
-12475 
-8841 
-9604 
-1230 
2126 
11631 
9119 
4361 
-11696 
-9497 
3944 
5798 
-5149 
-8599 
-2610 
6519 
-3306 
-8764 
5893 
1690 
6400 
90 
-10577 
7962 
-1426 
4090 
10014 
-7317 
-8569 
-1369 
-7810 
9778 
-1488 
-10678 
11814 
-9567 
11536 
-7441 
4904 
-5585 
-8884 
7419 
998 
496 
-4694 
5162 
2518 
9582 
434 
-3696 
44 
7717 
6220 
-9238 
-10264 
-9314 
-8044 
-5808 
-8767 
-7558 
10831 
7309 
-1503 
-4325 
289 
-3034 
-1412 
7423 
-12020 
6248 
1576 
9648 
1677 
5528 
-1852 
-9169 
5816 
10893 
8179 
-7325 
5922 
696 
8184 
6182 
-6985 
-7432 
-6745 
8216 
6414 
9478 
-10047 
-8341 
1947 
9064 
-9163 
-4056 
11974 
-6928 
2682 
-436 
2533 
-6813 
6396 
4749 
3920 
384 
-10274 
8797 
3057 
6333 
1311 
-245 
-7952 
5450 
1747 
-12394 
5832 
-4945 
3604 
-723 
3094 
1211 
-9108 
-2324 
6641 
-12068 
10537 
923 
5354 
-10100 
-3228 
-4757 
10851 
11350 
-5308 
9834 
3597 
-7128 
-6480 
-952 
211 
357 
-10389 
10072 
10107 
-905 
9098 
-9834 
-9490 
2355 
11062 
-6837 
-6471 
-10134 
10127 
4683 
-7301 
8208 
-11344 
-7288 
-1319 
-10344 
6498 
7995 
11108 
-3713 
-3435 
5502 
-11882 
761 
5837 
-5236 
817 
-8778 
-7071 
1489 
4115 
9711 
4991 
47 
6783 
9073 
7070 
407 
995 
11184 
-7750 
-10831 
-9452 
-2812 
-11915 
5569 
-7471 
-9510 
-12324 
-1960 
-1199 
7409 
11410 
-5288 
1542 
-7611 
-3368 
-7838 
7109 
-2472 
3179 
-2428 
5975 
6691 
1106 
10710 
1428 
-11403 
-10278 
5730 
7661 
9557 
595 
-1843 
-1807 
7583 
-1262 
-5483 
1328 
4676 
202 
1434 
-3233 
4076 
9242 
2394 
-7131 
-3424 
5375 
-5184 
-12434 
11333 
5556 
5906 
8817 
-7057 
-8729 
531 
-12075 
-11265 
-2223 
7417 
6361 
-4440 
7808 
-5965 
-300 
12033 
3695 
-204 
-4424 
-4465 
4295 
6647 
-2340 
-10140 
-8176 
-7155 
9870 
-6075 
8757 
-11045 
-1557 
6305 
-5869 
9976 
-11095 
-9089 
4367 
-324 
7261 
4890 
2898 
-11473 
5795 
-1650 
-387 
10753 
-1455 
-3847 
-11603 
-318 
-6121 
-1405 
-1831 
6703 
-117 
-3826 
-3322 
4914 
12169 
2937 
-6510 
-12002 
-4489 
-4714 
-12097 
4023 
-5350 
-8719 
-5069 
-5686 
4250 
558 
12040 
9299 
-2294 
10138 
-4581 
2174 
-9558 
5593 
8660 
-10247 
279 
2302 
-12113 
-3352 
3464 
-997 
-7185 
-4981 
-3732 
4183 
-3259 
-8074 
3978 
-470 
7728 
-10568 
3552 
6469 
-5831 
-9985 
6546 
11130 
8560 
2234 
-653 
9354 
11958 
1596 
1201 
6997 
9128 
5295 
671 
4163 
-3580 
7324 
5168 
-2404 
-11464 
-6406 
-3533 
6059 
7577 
-11787 
-10917 
-4959 
-11602 
2674 
-2310 
-2926 
-2138 
7723 
4813 
-7340 
8808 
-11154 
-2229 
1401 
-9229 
10544 
8887 
-12294 
-5613 
225 
-5042 
7972 
6964 
2969 
662 
8860 
-9297 
-7379 
11173 
-5299 
-1034 
7048 
-1153 
-3551 
-1068 
-2076 
3309 
7515 
-675 
-3282 
-7016 
-8664 
-609 
3551 
-8476 
7953 
-3085 
10592 
4483 
-4849 
-8865 
-7835 
6584 
10263 
1819 
7361 
-5289 
-835 
-4049 
-670 
6407 
-12437 
987 
-1972 
-8829 
-7892 
-11505 
-3126 
-9814 
-12277 
11188 
186 
-6835 
-10125 
9290 
-11811 
-2552 
-7096 
6896 
-6431 
4830 
-9421 
-66 
5708 
-6546 
974 
10644 
4544 
2013 
7720 
-1724 
9520 
8481 
1267 
-10562 
-5125 
-9961 
-12009 
9843 
-1561 
-5738 
-2993 
-9425 
2729 
-6560 
-8203 
3624 
-3166 
-7104 
793 
-12323 
8060 
-6623 
-12331 
-4059 
-8627 
5290 
2659 
-8289 
-9670 
-12194 
3907 
-8290 
11595 
5233 
-5409 
6108 
1979 
8699 
10862 
8197 
-3482 
-151 
10376 
-5665 
4030 
10608 
-4840 
3938 
9962 
-8744 
-1933 
-6148 
9952 
-660 
-6609 
9588 
29 
8032 
-5773 
2882 
-12169 
-1044 
-11614 
2109 
-6113 
3491 
-1523 
-2808 
6818 
-11683 
4604 
8386 
-10442 
-4903 
-5083 
5925 
-11080 
10675 
-1994 
-10001 
-7878 
7236 
-1251 
8679 
-5761 
-4822 
10434 
11703 
4135 
5212 
11994 
11081 
-989 
9900 
8523 
10333 
-7920 
-1744 
-6795 
10026 
2524 
-10844 
11440 
11289 
-7265 
8826 
298 
-9793 
-2290 
-9967 
-4269 
4399 
-777 
8463 
8856 
-6373 
7877 
-6542 
5609 
3219 
-5445 
4261 
9171 
-740 
11170 
1036 
-9003 
7265 
-10799 
-3672 
-40 
10125 
8205 
11601 
-4226 
9857 
-1559 
7628 
1315 
-8956 
-4993 
-9553 
2034 
7739 
-8716 
11911 
11638 
-9183 
10903 
75 
1057 
9684 
2894 
6710 
-4558 
2342 
-11219 
7986 
-8367 
-10112 
1886 
9604 
3292 
-8951 
-2701 
4152 
-6731 
-8397 
11558 
5550 
-5597 
11043 
7682 
-5173 
12076 
-7704 
-7777 
-6022 
-2025 
-9975 
10826 
-2356 
3971 
-8812 
-393 
-6415 
-4227 
8764 
-4509 
-9316 
7942 
1153 
-409 
-5110 
-271 
-3762 
-2909 
-3040 
6229 
11648 
1518 
143 
8283 
-10635 
-6522 
1669 
3703 
939 
4068 
-273 
-11341 
-4530 
11168 
-5850 
-1921 
-6392 
6673 
-915 
-11771 
6555 
-7199 
12193 
-1924 
2946 
-8352 
6801 
-2952 
-2743 
12060 
10822 
2240 
9084 
-6572 
-7568 
1626 
-11865 
-8583 
-4052 
-5396 
-5425 
5972 
6006 
-9664 
-4518 
-11273 
-1676 
2907 
-9065 
-12311 
11821 
1923 
-1733 
1455 
-10336 
7828 
7473 
-2171 
10705 
5175 
125 
1050 
-853 
9562 
-5094 
-3573 
-7334 
1257 
-11722 
10799 
11898 
667 
-9789 
-3054 
5863 
5522 
6595 
-11734 
742 
-3743 
-5551 
8140 
-9729 
11116 
-5317 
2279 
8720 
-10291 
1874 
-1271 
12000 
-2178 
-8481 
3317 
-3142 
3710 
-11793 
-2758 
9704 
2968 
-9352 
3499 
9683 
8998 
2043 
-7983 
3048 
-10722 
-2129 
-8680 
-7423 
11951 
11307 
-1182 
7619 
-4004 
-11314 
10724 
-5544 
-8239 
6395 
-3950 
4106 
7453 
-4977 
6451 
-7504 
-4324 
-11168 
6751 
5420 
10647 
10892 
-9577 
-8643 
-5398 
7768 
11533 
3290 
10807 
10361 
523 
-11527 
-12339 
-10686 
-10375 
-4220 
132 
8336 
-3816 
9156 
-4786 
10731 
-10441 
11552 
-7640 
-9952 
-5568 
5505 
438 
-3152 
7002 
-9035 
6844 
-8816 
-9191 
-2029 
-7211 
-5749 
-11178 
-116 
-10923 
-11354 
11934 
1414 
-5414 
265 
11850 
-5567 
-3102 
1510 
10943 
-617 
1143 
-8141 
-7236 
11050 
-6608 
-4987 
10858 
-2006 
-3937 
-8305 
-10885 
4511 
6914 
2505 
-12345 
1640 
4665 
11752 
-4033 
6135 
1721 
-9013 
-9393 
5780 
6117 
6905 
-10265 
9469 
8894 
4285 
2463 
9448 
-9962 
-6374 
-8029 
-7042 
12272 
3879 
-4640 
11036 
-4776 
10223 
5205 
-9176 
6792 
6068 
846 
-8566 
-465 
10553 
431 
10165 
4655 
-11038 
2061 
-4561 
-1745 
7144 
1534 
7094 
-4802 
1251 
-11641 
10957 
1867 
-7786 
-9515 
11078 
-10498 
-11718 
2715 
3876 
-5561 
1120 
-2414 
-10327 
8239 
2166 
-7523 
-5663 
-3989 
9664 
-6620 
5122 
4268 
6924 
-5210 
-11288 
-2933 
-7142 
7290 
-8887 
-4674 
10210 
5357 
-2724 
-6321 
-2219 
10238 
-10475 
2492 
4637 
1779 
-6060 
-8102 
10242 
563 
-3914 
-2584 
2742 
4049 
-7280 
-6808 
-5625 
1750 
-4185 
-6129 
-7861 
5978 
-8042 
5987 
-1192 
-311 
8696 
-7852 
8075 
2369 
-1637 
-10079 
2442 
-2917 
8835 
-770 
-4850 
-5434 
5192 
1739 
-120 
2224 
-5858 
2510 
11466 
-9159 
5691 
9419 
11664 
10008 
11183 
-6276 
-1106 
1522 
-1290 
-9199 
6736 
-4358 
6353 
-5937 
-5368 
3102 
4084 
-10187 
11374 
11619 
-268 
-10698 
577 
9003 
-911 
4982 
5835 
-2838 
-9053 
2927 
5328 
424 
1451 
-1563 
-11884 
11414 
5314 
-2238 
11270 
-8684 
8804 
11235 
-7056 
-11186 
8879 
9576 
11966 
-10737 
5415 
-411 
-957 
-931 
11497 
3765 
-6095 
-10793 
4973 
-10604 
-4148 
3473 
-4075 
-12449 
-896 
6222 
617 
8308 
10569 
3033 
11549 
10925 
5456 
-3442 
11197 
4393 
-11333 
-1353 
9051 
-10408 
-5999 
6090 
-844 
2339 
838 
1962 
10781 
-226 
2916 
-12138 
-6778 
10980 
-2899 
-9162 
11826 
-1987 
7345 
5109 
4888 
-8146 
2247 
8274 
9999 
-9098 
-11967 
1926 
-4600 
2473 
11925 
3995 
-9264 
-24 
4224 
-9600 
6185 
-8559 
3673 
-12303 
-3163 
11810 
-1351 
-1789 
-3641 
-9680 
8331 
6789 
-8963 
-10306 
-1574 
2503 
-945 
1804 
11319 
-4690 
5833 
-10720 
1460 
10694 
-478 
-7733 
-10776 
22 
-810 
1748 
-5343 
4723 
2909 
-12116 
-9236 
-4182 
7847 
-1479 
706 
-6941 
4469 
-9860 
-11876 
9942 
-3976 
3143 
-7850 
5372 
1657 
1667 
-10459 
-1037 
-6838 
-2090 
4272 
11148 
10902 
-4703 
-9916 
-11524 
-4264 
-5732 
7269 
3004 
-4765 
7569 
-8229 
-8732 
-3195 
10493 
-11235 
-6794 
7084 
-4199 
-4248 
-5071 
8987 
-10514 
2163 
4375 
5113 
-1510 
-4647 
-8518 
-11680 
8351 
-7732 
8442 
-5857 
11641 
3726 
-6056 
12220 
4242 
-11316 
-6347 
549 
2739 
-4856 
-8052 
-8378 
12212 
-7010 
10091 
10950 
-4891 
9058 
-1327 
-11434 
3009 
3641 
-7002 
1239 
11699 
4349 
-10629 
2270 
-10071 
848 
11787 
6313 
-12445 
8874 
-10610 
-3113 
865 
-7688 
-3496 
-12483 
10282 
-8294 
6217 
2641 
311 
12160 
-6195 
-7366 
-1598 
4823 
9985 
-9029 
9573 
-11322 
-7120 
6293 
11017 
-11391 
-12385 
-8300 
-2635 
9011 
-1967 
2093 
-784 
8745 
-2249 
6941 
2718 
-3061 
5501 
12252 
-862 
-9204 
-11059 
11453 
1861 
-1505 
2845 
-11590 
-9531 
12106 
4750 
-7555 
-9902 
9179 
-11705 
-1610 
3630 
-458 
6337 
7476 
-9379 
-8734 
7918 
3448 
-4058 
-7518 
-2672 
9560 
4095 
-10516 
2315 
-533 
539 
-1858 
-1775 
-8189 
10704 
-5716 
4505 
3470 
10059 
-4688 
-3391 
-9545 
6877 
571 
9897 
6873 
-11703 
-11029 
-9069 
5245 
-6311 
1337 
-5688 
-1712 
-639 
-9250 
-8226 
-2431 
-5243 
-4695 
-12409 
-741 
-7614 
-280 
-9145 
-4952 
-6449 
870 
-8931 
-1083 
3167 
2371 
2577 
-524 
3589 
8953 
7989 
234 
8872 
-9062 
1103 
10965 
10534 
956 
-10300 
2414 
5687 
-1298 
-10880 
-5805 
11406 
10627 
9321 
-7623 
5774 
4999 
418 
8970 
-10835 
7699 
-5464 
2278 
-10864 
-2118 
236 
730 
-12058 
-644 
2925 
-4923 
12139 
-8412 
1421 
10817 
11425 
9723 
-10031 
-1240 
323 
-7295 
-9464 
2461 
-3805 
1992 
11615 
486 
8939 
-4619 
-8901 
-6692 
-12388 
-10397 
-7223 
-2545 
-6390 
1906 
5535 
5429 
6386 
-11536 
1332 
-7726 
11160 
9233 
-7074 
-7385 
-6427 
1039 
-7957 
911 
1144 
-10461 
-4040 
-5953 
3958 
2948 
-1394 
-11277 
2670 
1196 
8232 
5153 
-7118 
8517 
9997 
4576 
902 
8788 
-5500 
2114 
-1212 
3325 
1404 
12210 
-12000 
7335 
-7035 
-5766 
-415 
-4020 
9197 
-6218 
2196 
-1662 
11018 
-256 
3511 
-8942 
-11626 
-6035 
4662 
-9976 
-11462 
612 
788 
-3381 
10685 
-377 
-5253 
10109 
-3242 
-9615 
-11818 
6436 
1131 
6836 
-5998 
522 
8160 
7606 
-3224 
-971 
1474 
-2877 
-4704 
-5943 
4192 
6715 
11474 
6786 
-11632 
3116 
-2157 
-10671 
-7455 
-5576 
-3240 
1081 
-4745 
-3329 
3835 
-7653 
-8463 
9732 
10604 
5836 
-5756 
12299 
-6204 
6957 
3271 
-9884 
5805 
-4588 
8625 
-2542 
-4548 
8746 
-8406 
5355 
3522 
-9697 
5499 
9856 
6372 
-692 
3401 
-3986 
-582 
-12373 
10327 
-953 
-9430 
10222 
10416 
-6029 
5750 
-8137 
-4362 
-1507 
-4279 
-1669 
8656 
11455 
-4882 
-3708 
-10359 
6718 
-3918 
8149 
-10638 
1064 
-10436 
-5899 
-12457 
933 
-5266 
-124 
-12464 
-6547 
-10039 
3042 
7646 
3976 
12275 
-4494 
-2166 
11927 
10821 
7748 
3877 
6923 
5313 
-1519 
-6773 
-10028 
-9141 
9538 
-9650 
-211 
10498 
-2608 
9374 
-3612 
-3399 
-11384 
7980 
11955 
-7165 
-251 
10507 
-8968 
-9134 
2766 
-7171 
-2540 
-8534 
8102 
2216 
6540 
5431 
2980 
375 
9708 
952 
1004 
10142 
-3379 
-8618 
9700 
7525 
-879 
-4117 
-8593 
11100 
3087 
-5387 
9808 
8883 
11941 
877 
2321 
8749 
-6723 
-10987 
1021 
-557 
5958 
10483 
-6828 
10485 
6415 
10213 
10869 
7475 
6618 
8003 
4254 
-5898 
-6538 
-11256 
-10998 
-4013 
-6330 
4331 
-1285 
1275 
-3109 
-1123 
-11942 
-391 
3943 
8322 
6787 
11071 
6566 
-9276 
-12119 
9021 
-10811 
9786 
5651 
11550 
-8808 
-9474 
-8183 
11380 
-1877 
271 
7927 
-7291 
5700 
8110 
9784 
247 
8676 
11683 
4434 
-8279 
-12257 
8992 
-9879 
10938 
-6139 
-4666 
-700 
9609 
-1883 
2097 
2322 
-11992 
-9289 
-8505 
-11417 
4016 
-1735 
5831 
-6740 
1902 
-3395 
-8842 
1713 
3305 
-1187 
10437 
2801 
1811 
722 
-1968 
2000 
-6114 
-1943 
-6165 
10469 
-3923 
3808 
2373 
-3635 
8215 
11668 
117 
-7450 
-1541 
9140 
7872 
8268 
-7564 
-4865 
9608 
5767 
6015 
-12035 
-7827 
-1054 
6707 
-6213 
-12025 
-8452 
5724 
-3117 
5617 
-9063 
9539 
-5678 
11384 
-6866 
4635 
-7862 
1356 
-9592 
12144 
-4292 
3777 
11396 
-11103 
347 
-1010 
2930 
3080 
979 
11562 
11988 
-414 
-2731 
8963 
5797 
-9102 
4579 
151 
-3045 
7559 
-10009 
7824 
-1997 
-10401 
-1566 
6648 
-8531 
-7673 
783 
9649 
3536 
-573 
689 
-9887 
-7319 
-2840 
214 
10693 
2466 
-10904 
2643 
-9642 
-5019 
10053 
-5701 
11575 
5474 
-6453 
-1225 
7336 
-8831 
-2755 
-2944 
-8934 
2775 
11179 
4072 
7692 
-8447 
2588 
273 
6685 
9367 
-10253 
1936 
-6424 
-6892 
-49 
-10121 
-5870 
6767 
-4454 
2235 
-6325 
2959 
-11731 
-10347 
-353 
11480 
-136 
-799 
-8032 
11855 
-2266 
2349 
6882 
-9585 
-4404 
-3648 
1369 
4919 
-10432 
-6683 
-10822 
-1600 
-10305 
11543 
-6002 
-9610 
-2184 
-1178 
-11214 
-6903 
-12238 
-12381 
11675 
1469 
3609 
-1389 
-2068 
-3666 
-895 
10427 
9878 
-11311 
-1444 
2281 
6755 
5275 
-1358 
-4256 
-7904 
2709 
-6883 
10460 
-2051 
-7020 
8294 
-5928 
-5231 
-11988 
-12199 
3843 
6858 
11027 
-6673 
4668 
5397 
-8208 
-2868 
10116 
8433 
-7114 
-707 
2422 
-1380 
10768 
-4188 
9624 
1003 
8751 
6177 
-3465 
6275 
-652 
6986 
-6385 
-3497 
-4598 
11697 
-186 
-2853 
7141 
8741 
7837 
4206 
-6898 
-2676 
-368 
8665 
9677 
2397 
9257 
-8490 
5676 
-8396 
-12027 
-7587 
-2423 
5056 
-11425 
7039 
9893 
5063 
-9858 
62 
-5905 
-290 
-12401 
-3597 
2298 
-3032 
-11562 
-5472 
-5948 
-528 
9716 
11397 
-3592 
5341 
5249 
11708 
5048 
4230 
3395 
1072 
7829 
-54 
-5133 
-8513 
-595 
7794 
-3583 
10635 
5842 
-2561 
-7845 
-6763 
-7735 
4770 
-959 
7326 
-1378 
-3291 
-9416 
-255 
-7577 
-4769 
6443 
-3205 
7977 
7282 
3993 
-1016 
9743 
704 
-8266 
2144 
9131 
3836 
-2494 
-3217 
661 
3207 
-5883 
3345 
8491 
7126 
7152 
3913 
12266 
-11669 
-873 
2102 
-10043 
-9329 
7447 
8512 
-6346 
-12228 
-5072 
-4972 
-6455 
2692 
-9121 
2727 
-3908 
-3974 
-6831 
3147 
-7110 
-5855 
-624 
3038 
-8182 
651 
-8718 
-8140 
2331 
-874 
-11274 
-10644 
2519 
10322 
11878 
-4639 
6830 
2796 
4690 
-7884 
-6328 
11238 
-3660 
6880 
7245 
-4212 
-4126 
8009 
-9726 
9227 
-3748 
-10728 
-8326 
5513 
3360 
951 
-6954 
8724 
5847 
-3301 
7622 
-3175 
-5003 
1558 
-1042 
-10057 
8025 
535 
-12186 
-11406 
9749 
2539 
366 
-1422 
-10404 
-2906 
8843 
-2038 
8441 
5473 
-9655 
-2977 
-6969 
-3774 
-4831 
-10956 
-7274 
-7174 
-7361 
-11979 
8412 
-1918 
-7988 
-5536 
7488 
9974 
11083 
-11826 
12052 
-5569 
1893 
-3955 
-7769 
6756 
-104 
-2680 
8456 
8192 
328 
9272 
7363 
-5038 
10743 
-317 
7301 
-8458 
12230 
11092 
7638 
-8655 
5261 
10615 
10100 
10993 
-10598 
-8199 
-986 
-11249 
-5650 
5717 
7315 
1971 
-737 
-10233 
-11944 
-4184 
-8423 
-5274 
-6888 
8469 
-11784 
-6068 
-1247 
8185 
-9455 
-553 
9285 
-6628 
-9806 
3066 
-5594 
-8420 
7132 
7529 
5287 
-10856 
-9761 
5790 
-4624 
6344 
462 
-5029 
-7348 
-7642 
3336 
2806 
-87 
-754 
-430 
4819 
2618 
2363 
-2716 
-9438 
-9177 
3508 
-3663 
-4922 
9860 
-407 
10691 
11434 
1794 
7597 
8782 
9500 
-5637 
-12011 
3206 
3098 
8265 
-1217 
10825 
10182 
7743 
1652 
-6907 
18 
6976 
-128 
-2605 
1634 
-9873 
-3632 
-10083 
-5542 
-7495 
495 
-10092 
-5575 
10446 
8145 
-11002 
5260 
6258 
-2456 
1224 
-1682 
-11268 
12162 
-10428 
9876 
-3413 
-10874 
10239 
-11363 
1708 
-4067 
6655 
-11113 
-4738 
4051 
-3478 
-4660 
5877 
7377 
7310 
4288 
-8528 
-4659 
1125 
-11557 
11278 
8390 
515 
10880 
4150 
7687 
752 
2563 
5360 
5251 
10928 
4513 
9751 
4621 
-2050 
-11564 
-4717 
5100 
-7253 
-10612 
11906 
1006 
-11917 
3015 
-832 
10711 
-9548 
-2448 
-2819 
-11133 
780 
-76 
-10544 
9504 
-1434 
10341 
-9225 
-5 
4387 
7438 
-2052 
-5982 
9851 
-7632 
-9850 
-7188 
-10660 
-10 
4677 
948 
-3860 
4100 
7799 
-7100 
1382 
4263 
-11020 
5737 
1199 
-7377 
-10679 
-1136 
11085 
11345 
-7240 
-6048 
8971 
5004 
3842 
7371 
4639 
2187 
-8438 
2026 
-11958 
11483 
-12052 
-2687 
1431 
9676 
-8331 
-10015 
1987 
-9082 
-1089 
7085 
-5873 
4493 
-12137 
10698 
10683 
-1978 
11792 
916 
-2902 
11195 
8257 
6046 
-1391 
-5430 
-3931 
2751 
-3798 
-5140 
-5180 
-10913 
8640 
-4378 
10567 
6589 
8653 
-6376 
196 
-6399 
-6337 
7858 
-10897 
-3089 
9301 
-12091 
-12354 
1797 
6030 
-2684 
-10788 
5083 
-6084 
-5974 
-8345 
-11228 
3426 
5017 
-10245 
-5440 
-5772 
6966 
-12162 
8068 
-7531 
6898 
4311 
-5281 
-2283 
9960 
-1460 
-4574 
9217 
7963 
4869 
12084 
-6674 
-3462 
9630 
7784 
-8962 
-940 
-3960 
10057 
-10653 
10777 
2863 
-6090 
-7756 
5901 
1879 
8377 
7206 
-6685 
-6580 
-7247 
1927 
-3131 
10784 
-1749 
1096 
-9868 
-10203 
-12468 
-10052 
3625 
-9522 
3964 
5920 
8569 
7274 
12089 
-497 
-4886 
10063 
3617 
12164 
7234 
-10466 
-7260 
-194 
-7464 
7394 
-4285 
7440 
-11755 
-1347 
5577 
-10036 
4944 
-12024 
11924 
2119 
-140 
11526 
11765 
10451 
-9231 
9312 
7766 
2760 
-7719 
-10941 
1924 
11745 
-2942 
4756 
-8213 
8680 
8730 
-2965 
8503 
2716 
-2062 
9379 
6813 
356 
-2538 
1603 
5861 
-5571 
-6018 
-7087 
7896 
-2388 
10570 
5438 
-4609 
-5436 
-7593 
6531 
10173 
7549 
-9030 
2435 
5039 
-10038 
-10898 
-3346 
-6182 
-10226 
-1474 
-9127 
12222 
1555 
7566 
-7202 
7874 
-5376 
11865 
-10167 
-1448 
3737 
-4452 
-1163 
3158 
6891 
-12365 
6569 
7676 
-3797 
-7541 
12187 
3516 
3185 
8039 
-5351 
-6960 
971 
8538 
3953 
6251 
-3738 
8321 
-265 
-12026 
-6010 
8703 
6727 
-11143 
8172 
1207 
5729 
10874 
-11936 
-10147 
769 
-6842 
-10366 
-8225 
11892 
3894 
-4845 
-5577 
1507 
-11129 
-1363 
-4122 
-10994 
3228 
-287 
-4709 
-7581 
4780 
-10685 
892 
1107 
-8910 
256 
-220 
1377 
-4474 
-1583 
190 
-11510 
9788 
-12213 
-3966 
9330 
7956 
1124 
518 
7182 
-8000 
3123 
11002 
11462 
-11489 
-397 
2901 
-11910 
579 
2694 
6168 
-12156 
4444 
-3831 
-11411 
7887 
-5205 
6760 
5941 
2598 
-378 
-3998 
-10690 
5107 
-5973 
-10478 
2367 
10150 
-3179 
5237 
-3212 
5801 
-6591 
2953 
2415 
589 
-2815 
-3550 
-9805 
1010 
-4844 
-3832 
11038 
5639 
-7365 
-6391 
-748 
-3116 
2006 
-5959 
2780 
-1019 
-3070 
114 
-11305 
1030 
7558 
1851 
10494 
10910 
2680 
-2196 
2575 
7344 
-7933 
3457 
5350 
-819 
9104 
-7463 
9432 
-7984 
-11011 
-1547 
2452 
-9845 
2631 
1497 
-3985 
-9311 
5336 
-7902 
-1241 
10159 
10581 
-1757 
9904 
-8977 
-960 
-12443 
-7536 
-4565 
-1026 
-3704 
-9986 
9691 
10247 
4133 
7462 
7025 
4211 
-8899 
-7849 
8551 
4570 
-2192 
-12028 
-5331 
-4525 
5564 
1357 
5133 
11390 
6972 
9634 
10204 
-8582 
10274 
2360 
-8118 
5760 
-5795 
11231 
-4807 
-10239 
9802 
-4361 
-2183 
999 
6147 
6586 
-10006 
-6166 
-6719 
3202 
1666 
12240 
10301 
-2666 
-3819 
2650 
-9941 
-10847 
-2514 
-5283 
9225 
-11711 
7014 
-2587 
-12317 
-8547 
10778 
-7645 
7695 
-5620 
12197 
-4235 
9303 
-3915 
-7806 
-10488 
3694 
-1691 
2454 
5995 
7669 
8362 
-10617 
5202 
-1396 
6495 
2044 
11138 
116 
-4898 
-3024 
-5515 
-6242 
9715 
3859 
-3265 
1832 
10929 
1307 
-4408 
-12176 
4537 
-9115 
1302 
-7937 
-6589 
37 
8779 
-9731 
1233 
-9923 
-1258 
1176 
8403 
8798 
-9710 
4883 
7464 
2556 
2390 
9626 
-4912 
-6514 
-8794 
-9969 
622 
-7437 
7610 
5141 
10076 
8389 
7187 
2497 
169 
11151 
-5964 
5856 
1584 
-7922 
6947 
10975 
9884 
3852 
5364 
4789 
-1628 
6266 
-12492 
1941 
-869 
12122 
-230 
-5879 
-4239 
5758 
-2109 
11247 
6855 
-11777 
-1783 
4936 
5468 
7711 
-5816 
7946 
-8859 
6669 
8717 
6465 
2790 
-11713 
-4299 
10578 
3183 
-6955 
-1951 
11265 
11774 
-3741 
-4726 
-10848 
-3527 
-4578 
-5644 
-2057 
8588 
-9365 
10409 
-6131 
-8835 
-1159 
-11769 
450 
-5285 
9361 
-4682 
11222 
-7506 
-4735 
-2261 
-823 
-6986 
2420 
7943 
-687 
3481 
-1138 
7302 
3684 
11361 
6184 
1195 
3804 
-1059 
-6159 
2479 
4061 
-1901 
-11635 
-10583 
-3991 
12283 
-8251 
10018 
5060 
3 
3986 
7480 
-5121 
-9588 
-6696 
-2506 
-96 
11504 
-11372 
2537 
-2987 
8781 
-7992 
3788 
-6604 
1442 
-2412 
1476 
-8878 
-9861 
-11629 
8424 
11926 
8846 
-7742 
-3449 
-8932 
-3001 
3378 
-9818 
-2299 
-2796 
-4094 
-7375 
-4870 
-8985 
9769 
332 
-4479 
6381 
942 
9703 
1272 
10221 
-5653 
-11573 
-2624 
-2660 
4324 
-7063 
9188 
-11739 
-11279 
11775 
-1098 
3000 
5743 
8269 
1890 
-11202 
1755 
-195 
826 
588 
796 
1921 
1159 
-1017 
-8389 
10186 
-4388 
-5455 
4234 
4075 
2158 
-5381 
-6571 
-6654 
11327 
-6532 
9632 
4521 
5681 
-5840 
-7138 
11206 
-1315 
-6531 
5580 
-3009 
1450 
1426 
-8577 
-3139 
12016 
-5477 
-7679 
9462 
7352 
-10665 
-2123 
56 
-3697 
-9690 
4836 
-2527 
-1717 
3300 
-4304 
-4349 
2832 
-1467 
1620 
7273 
-4543 
9343 
-6251 
9658 
10508 
6849 
-1496 
-1233 
5658 
1734 
-12104 
4081 
-4136 
1068 
-7430 
-8358 
6776 
3668 
-4485 
1295 
3053 
-3745 
-11761 
1504 
6927 
9115 
4510 
-3419 
-6940 
2404 
11538 
9971 
-5328 
11446 
-1839 
-12045 
-7966 
7642 
3178 
10310 
9760 
4716 
5323 
6051 
-5392 
-8133 
-4190 
477 
-12063 
11248 
10334 
-5914 
4585 
9007 
-2207 
-11480 
9014 
4706 
11029 
-8543 
-726 
-1641 
-6979 
459 
-11063 
-6304 
4843 
5624 
-6947 
-4174 
-4343 
-6102 
5389 
-8540 
11311 
-4669 
1259 
5852 
3822 
9734 
2647 
-10821 
-5010 
4854 
-1700 
1519 
-1814 
2387 
-9752 
1294 
9318 
3121 
9869 
11097 
83 
-11171 
-4162 
5416 
-4119 
1162 
-633 
7056 
-9190 
-421 
9928 
1615 
-2603 
-450 
3814 
-8922 
-4501 
12291 
112 
10648 
-928 
-3172 
-3150 
-11298 
-3795 
3377 
-7509 
7017 
9117 
-6754 
-5508 
5227 
-5709 
638 
3495 
10149 
11851 
-2353 
7159 
-3158 
3388 
4771 
6301 
-5048 
-3758 
-9074 
-11053 
-10352 
772 
-8522 
-8011 
-11607 
-5403 
-791 
-9840 
-3680 
6919 
-1093 
9163 
-11662 
4372 
-11874 
-7740 
-237 
-11653 
-3248 
-11833 
-11360 
978 
3151 
-4933 
10385 
6503 
-3721 
1527 
-8752 
4468 
-7816 
-4203 
4109 
-7190 
-2697 
-4097 
-5257 
10349 
7431 
-11165 
9398 
3929 
1939 
12131 
3585 
3482 
-805 
-8444 
8356 
-4504 
10866 
96 
1366 
9668 
-3841 
7935 
8093 
-8282 
-8743 
-7584 
8577 
9004 
-11013 
-5897 
-7897 
-6440 
-5254 
-6993 
-3254 
-4550 
-2116 
-10463 
-2768 
-12344 
-6442 
-1152 
1393 
4860 
5095 
4455 
66 
10373 
3195 
-1890 
-6636 
8084 
3514 
7973 
9528 
4415 
5673 
11375 
-7519 
11249 
10163 
-8772 
3644 
-6911 
-3444 
-3472 
-8315 
-7772 
4990 
-3220 
-9801 
-2891 
12010 
2209 
-10331 
8619 
10888 
-11922 
6978 
5016 
-7270 
-602 
4962 
-9269 
-4389 
-9648 
-6046 
2819 
4291 
4302 
3190 
511 
-10919 
11282 
-7360 
-978 
-3673 
-683 
11725 
-2447 
-10769 
-1587 
3169 
1860 
1348 
3418 
-11842 
-8666 
5050 
393 
-7761 
10300 
11592 
-2017 
-7459 
-10451 
-6598 
808 
-6484 
-3053 
-4554 
-332 
-5788 
5480 
-4128 
-12241 
-7392 
11521 
5738 
3144 
-1139 
-11122 
-2487 
-3719 
-6145 
5667 
-2780 
-11550 
7952 
-1002 
6894 
11517 
-3489 
-7871 
